   6.5925000e+02   6.9575000e+02
   6.0525000e+02   6.6125000e+02
   5.7075000e+02   5.8775000e+02
   5.4525000e+02   5.1875000e+02
   5.4225000e+02   3.8975000e+02
   5.5725000e+02   3.1175000e+02
   6.0675000e+02   2.3375000e+02
   7.2225000e+02   2.2925000e+02
   7.8525000e+02   3.2225000e+02
   7.9425000e+02   4.0625000e+02
   7.8675000e+02   5.1725000e+02
   7.6125000e+02   6.0425000e+02
   7.1925000e+02   6.6725000e+02
   5.3325000e+02   5.1125000e+02
   5.1375000e+02   4.6925000e+02
   5.1675000e+02   4.1225000e+02
   5.0925000e+02   3.1925000e+02
   5.5125000e+02   2.2325000e+02
   6.0525000e+02   1.6175000e+02
   7.4025000e+02   1.6775000e+02
   8.1225000e+02   2.6825000e+02
   8.3775000e+02   3.3725000e+02
   8.2425000e+02   4.0175000e+02
   8.2875000e+02   4.7825000e+02
   8.0325000e+02   5.2175000e+02
   6.1425000e+02   3.8525000e+02
   7.2375000e+02   3.8375000e+02
   5.6775000e+02   3.4625000e+02
   5.9775000e+02   3.2975000e+02
   6.3825000e+02   3.2375000e+02
   7.0125000e+02   3.2525000e+02
   7.4775000e+02   3.1925000e+02
   7.7025000e+02   3.4325000e+02
   6.6675000e+02   4.1225000e+02
   6.2925000e+02   4.7225000e+02
   6.6675000e+02   4.6175000e+02
   6.9975000e+02   4.8125000e+02
   6.1575000e+02   5.5475000e+02
   6.6075000e+02   5.1425000e+02
   7.0725000e+02   5.5475000e+02
   6.3825000e+02   5.8775000e+02
   6.6075000e+02   5.9675000e+02
   6.8775000e+02   5.8775000e+02
