632.0882 593.8632
574.6073 575.2085
532.5482 540.7691
515.7245 471.8901
500.3028 357.0919
531.1462 252.3386
599.8428 194.9395
688.1670 202.1143
738.6380 240.8587
759.6676 341.3072
751.2558 460.4103
733.0301 514.9395
679.7552 573.7735
494.6950 443.1906
472.2634 391.5314
477.8713 326.9574
476.4693 217.8991
512.9206 136.1054
587.2251 91.6211
675.5493 94.4910
748.4518 150.4552
790.5110 279.6031
789.1090 347.0471
797.5208 395.8363
768.0794 460.4103
580.2152 347.0471
689.5690 354.2220
536.7541 314.0426
570.4014 303.9978
602.6468 316.9126
660.1276 319.7825
697.9808 308.3027
737.2360 322.6525
636.2941 367.1368
597.0389 428.8408
633.4901 437.4507
672.7453 430.2758
584.4211 479.0650
630.6862 480.5000
672.7453 489.1099
601.2448 494.8498
629.2842 513.5045
660.1276 503.4596