   6.6672951e+02   6.1539461e+02
   5.9928220e+02   5.9890749e+02
   5.5581616e+02   5.4644848e+02
   5.3783021e+02   4.9249063e+02
   5.1684660e+02   4.0705738e+02
   5.2575000e+02   3.3275000e+02
   5.6025000e+02   2.7125000e+02
   7.0725000e+02   2.6825000e+02
   7.6125000e+02   3.2225000e+02
   7.8075000e+02   3.8225000e+02
   7.7925000e+02   4.6775000e+02
   7.6425000e+02   5.4875000e+02
   7.2225000e+02   5.9975000e+02
   5.1975000e+02   4.9325000e+02
   4.9875000e+02   4.4225000e+02
   4.9425000e+02   3.8375000e+02
   4.8975000e+02   3.2075000e+02
   5.0325000e+02   2.1725000e+02
   5.8575000e+02   1.4375000e+02
   7.2525000e+02   1.5275000e+02
   7.9575000e+02   2.3525000e+02
   8.0775000e+02   3.1175000e+02
   8.0475000e+02   3.5525000e+02
   8.1825000e+02   4.1675000e+02
   7.9875000e+02   4.6175000e+02
   5.9325000e+02   4.1075000e+02
   7.0575000e+02   3.9725000e+02
   5.4075000e+02   3.8225000e+02
   5.7075000e+02   3.6275000e+02
   6.1875000e+02   3.6725000e+02
   6.6975000e+02   3.7025000e+02
   7.2375000e+02   3.5075000e+02
   7.5075000e+02   3.6125000e+02
   6.4875000e+02   4.0625000e+02
   6.1725000e+02   4.8275000e+02
   6.5325000e+02   4.9025000e+02
   6.8775000e+02   4.8125000e+02
   5.9325000e+02   5.2925000e+02
   6.5775000e+02   5.2175000e+02
   7.2375000e+02   5.1125000e+02
   6.3675000e+02   5.4275000e+02
   6.5625000e+02   5.4275000e+02
   6.8175000e+02   5.3825000e+02
