653.2500  719.7500
588.7500  682.2500
548.2500  629.7500
518.2500  542.7500
512.2500  440.7500
524.2500  365.7500
581.2500  278.7500
689.2500  277.2500
749.2500  301.2500
777.7500  338.7500
795.7500  517.2500
779.2500  601.2500
741.7500  671.7500
489.7500  533.7500
473.2500  475.2500
479.2500  419.7500
477.7500  341.7500
498.7500  235.2500
597.7500  155.7500
722.2500  164.7500
792.7500  214.2500
827.2500  284.7500
837.7500  373.2500
824.2500  425.7500
825.7500  520.2500
591.7500  439.2500
720.7500  445.2500
528.7500  422.7500
573.7500  395.7500
627.7500  401.7500
684.7500  400.2500
737.2500  398.7500
780.7500  427.2500
654.7500  458.7500
611.2500  517.2500
657.7500  538.2500
702.7500  514.2500
584.2500  569.7500
657.7500  568.2500
723.7500  575.7500
612.7500  607.2500
657.7500  634.2500
698.2500  610.2500