   653   670
   597   647
   557   597
   537   536
   531   433
   544   346
   593   289
   691   286
   746   346
   774   433
   765   541
   747   597
   711   645
   526   533
   507   496
   499   435
   499   361
   531   283
   593   223
   714   223
   775   281
   808   359
   810   438
   808   496
   780   536
   597   450
   707   448
   557   417
   588   410
   620   418
   684   418
   717   410
   746   417
   653   457
   617   526
   651   543
   688   523
   600   571
   651   574
   701   571
   618   600
   646   607
   679   597