   6.4700000e+02   6.7800000e+02
   5.7700000e+02   6.4800000e+02
   5.4500000e+02   6.0100000e+02
   5.2500000e+02   5.4900000e+02
   5.0800000e+02   4.3300000e+02
   5.3200000e+02   3.6300000e+02
   6.0500000e+02   2.9900000e+02
   7.0200000e+02   2.9600000e+02
   7.4900000e+02   3.7100000e+02
   7.7000000e+02   4.3200000e+02
   7.6900000e+02   5.2400000e+02
   7.5400000e+02   5.9300000e+02
   7.1600000e+02   6.4600000e+02
   5.1100000e+02   5.3300000e+02
   5.0000000e+02   5.0000000e+02
   4.8200000e+02   4.5300000e+02
   4.8600000e+02   3.4400000e+02
   5.1900000e+02   2.7900000e+02
   5.9400000e+02   2.1300000e+02
   7.2100000e+02   2.2000000e+02
   7.8600000e+02   2.8800000e+02
   8.0800000e+02   3.4900000e+02
   8.0000000e+02   4.1200000e+02
   8.0200000e+02   4.8200000e+02
   7.8700000e+02   5.1100000e+02
   5.7100000e+02   4.4300000e+02
   6.9100000e+02   4.3000000e+02
   5.2700000e+02   4.1500000e+02
   5.4900000e+02   4.0300000e+02
   6.0200000e+02   4.0800000e+02
   6.5600000e+02   4.0200000e+02
   7.0900000e+02   3.8700000e+02
   7.3400000e+02   3.9200000e+02
   6.3000000e+02   4.3400000e+02
   6.0200000e+02   5.3100000e+02
   6.3600000e+02   5.3100000e+02
   6.7200000e+02   5.1900000e+02
   5.9300000e+02   5.8500000e+02
   6.3900000e+02   5.6900000e+02
   6.9300000e+02   5.7400000e+02
   6.4300000e+02   6.0800000e+02
   6.1100000e+02   5.9800000e+02
   6.7200000e+02   5.9600000e+02
