   6.1600000e+02   7.3900000e+02
   5.5400000e+02   7.0800000e+02
   5.2400000e+02   6.6900000e+02
   5.0300000e+02   6.0800000e+02
   5.0000000e+02   5.1500000e+02
   5.1500000e+02   4.2800000e+02
   5.7300000e+02   3.5700000e+02
   6.6600000e+02   3.5900000e+02
   7.2400000e+02   4.3300000e+02
   7.5000000e+02   5.2500000e+02
   7.4500000e+02   6.0900000e+02
   7.2000000e+02   6.7600000e+02
   6.7800000e+02   7.1800000e+02
   4.9300000e+02   5.9400000e+02
   4.8800000e+02   5.6800000e+02
   4.8600000e+02   5.2700000e+02
   4.6200000e+02   4.3100000e+02
   5.0000000e+02   3.5100000e+02
   5.9500000e+02   2.8000000e+02
   7.2500000e+02   2.9600000e+02
   7.7800000e+02   3.7300000e+02
   7.8500000e+02   4.4000000e+02
   7.7600000e+02   4.9400000e+02
   7.8700000e+02   5.6000000e+02
   7.6400000e+02   6.0000000e+02
   5.6000000e+02   5.1400000e+02
   6.7000000e+02   5.1300000e+02
   5.1900000e+02   4.9400000e+02
   5.4100000e+02   4.7800000e+02
   5.8500000e+02   4.7800000e+02
   6.3600000e+02   4.7700000e+02
   6.8400000e+02   4.7300000e+02
   7.0800000e+02   4.8600000e+02
   6.1200000e+02   5.0900000e+02
   5.8200000e+02   5.9000000e+02
   6.1300000e+02   6.0600000e+02
   6.4700000e+02   5.9400000e+02
   5.6400000e+02   6.4000000e+02
   6.1600000e+02   6.3900000e+02
   6.6900000e+02   6.4100000e+02
   6.1500000e+02   6.6700000e+02
   5.8600000e+02   6.6100000e+02
   6.4800000e+02   6.6100000e+02
